Simple Aurelia simulation (15cm) by Colin Stewart, 6/10/2019
Cubic spline coefficients for kinematic function sgy, generated with MATLAB script "SimpleAureliaKinFlex.m". Function defined by s(t) = C_i(t) = c3_i*t^3 + c2_i*t^2 + c1_i*t^1 + c0_i on t_(i-1) < t <= t_i, where i = 1,2,...n
Row order: spline 1-100, Column order: c3 c2 c1 c0 
----------------------
33.436045145203	21.612673453079	1.732722698217	0.030562211089
-7.653193089032	22.615754807435	2.175006980822	0.050084141462
-41.369056003987	22.386159014764	2.625026119044	0.074088133558
-69.075802626752	21.145087334645	3.060338582538	0.102535641594
-91.362103493517	19.072813255842	3.462517588443	0.135184460350
-108.423180464263	16.331950151037	3.816565222512	0.171625555457
-120.339726442272	13.079254737109	4.110677271394	0.211315979516
-127.243324228625	9.469062943841	4.336160448203	0.253610337978
-129.390398382847	5.651763216982	4.487368709811	0.297791605430
-127.173296440906	1.770051265496	4.561586854636	0.343101078451
-121.095306345318	-2.045147627731	4.558835891014	0.388766778828
-111.731145665170	-5.678006818090	4.481604346556	0.434029527669
-99.688113190552	-9.029941188045	4.334524866494	0.478166039307
-85.576958768037	-12.020584583762	4.124019608776	0.520508605740
-69.996243563811	-14.587893346803	3.857934829470	0.560461166410
-53.529784733232	-16.687780653717	3.545178089465	0.597511729127
-36.753741501289	-18.293674195714	3.195363540971	0.631241202171
-20.247937292187	-19.396286440753	2.818463934606	0.661328716420
-4.605036205405	-20.003724559519	2.424463824604	0.687553479185
9.568857618874	-20.141875645681	2.023007822552	0.709793139939
21.667736373874	-19.854809917115	1.623040966924	0.728018599457
31.117068104147	-19.204777825898	1.232445089493	0.742285195871
37.423797602413	-18.271265782774	0.857684653407	0.752720286051
40.241632553543	-17.148551854701	0.503486477032	0.759507429805
39.442919189154	-15.941302878095	0.172587929704	0.762867681022
35.181868493903	-14.758015302421	-0.134405252101	0.763038872951
27.926441736322	-13.702559247603	-0.419010997601	0.760254200768
18.435287672674	-12.864765995514	-0.684684250032	0.754721761309
7.682204049422	-12.311707365334	-0.936448983641	0.746606877497
-3.245218407307	-12.081241243851	-1.180378469733	0.736018899128
-13.250110960206	-12.178597796070	-1.422976860132	0.723003745088
-21.320513895262	-12.576101124876	-1.670523849342	0.707542866596
-26.606567243539	-13.215716541734	-1.928442026008	0.689558697476
-28.478533503522	-14.013913559040	-2.200738327015	0.668926098994
-26.565954749919	-14.868269564146	-2.489560158247	0.645488845835
-20.779139624055	-15.665248206644	-2.794895335955	0.619079851341
-11.313989047133	-16.288622395365	-3.114434041975	0.589543594021
1.359588534195	-16.628042066779	-3.443600686597	0.556759077373
16.526266364510	-16.587254410753	-3.775753651372	0.520661625889
33.271976685326	-16.091466419818	-4.102540859678	0.481261890201
50.549508627765	-15.093307119258	-4.414388595068	0.438660606938
67.262554418387	-13.576821860425	-4.701089884865	0.393057939784
82.365156515367	-11.558945227874	-4.952447555748	0.344756621304
94.969576874411	-9.087990532413	-5.158916913351	0.294158616380
104.450413990638	-6.238903226180	-5.312185850937	0.241755617771
110.526662589759	-3.105390806461	-5.405628791263	0.188114319353
113.296977047636	0.210409071232	-5.434578608616	0.133858019022
113.197664536768	3.609318382661	-5.396381334077	0.079646570820
110.849322778710	7.005248318764	-5.290235667063	0.026156886982
106.773027305786	10.330728002125	-5.116875903854	-0.025934095534
101.091542841575	13.533918821299	-4.878229435619	-0.075963008745
93.511817627014	16.566665106546	-4.577223596341	-0.123290819676
83.498363156037	19.372019635356	-4.217836748922	-0.167312877311
70.509875525899	21.876970530037	-3.805346847268	-0.207470544474
54.224711217935	23.992266795814	-3.346654474010	-0.243265806018
34.710988878687	25.619008132352	-2.850541724728	-0.274278899367
12.517268580159	26.660337798713	-2.327748265417	-0.300187704813
-11.325959923738	27.035855856118	-1.790786328869	-0.320786636418
-35.392916643422	26.696077058406	-1.253466999724	-0.336002240081
-58.027028238278	25.634289559103	-0.730163333549	-0.345902695289
-77.564063464667	23.893478711955	-0.234885650838	-0.350698926697
-92.585115772278	21.566556808015	0.219714704362	-0.350735999398
-102.156935181744	18.789003334846	0.623270305790	-0.346474781789
-105.983739415788	15.724295279394	0.968403291933	-0.338465335333
-104.385098472980	12.544783096920	1.251094075696	-0.327314856625
-98.157449867943	9.413230142731	1.470674208092	-0.313653822657
-88.391787152846	6.468506646693	1.629491575986	-0.298103915012
-76.294811421604	3.816753032107	1.732344172774	-0.281250540374
-63.040417185195	1.527908689459	1.785790789990	-0.263621718155
-49.663139781979	-0.363303826097	1.797436838624	-0.245674059803
-36.994755715487	-1.853198019556	1.775271820167	-0.227785684939
-25.638852364704	-2.963040691021	1.727109433061	-0.210255281295
-15.974973541738	-3.732206261962	1.660156963532	-0.193306129886
-8.183014130855	-4.211455468214	1.580720346230	-0.177093755850
-2.279092976327	-4.456945892140	1.494036332626	-0.161715880949
1.844462705623	-4.525318681430	1.404213686891	-0.147223491305
4.380617944445	-4.469984800261	1.314260652074	-0.133632041842
5.574408241986	-4.338566261927	1.226175141452	-0.120932053183
5.697153908214	-4.171334014668	1.141076138686	-0.109098583986
5.028906517087	-4.000419397421	1.059358604565	-0.098099258847
3.848859445893	-3.849552201909	0.980858888572	-0.087900685835
2.432665845904	-3.734086418532	0.905022502367	-0.078473203310
1.055042431869	-3.661106443155	0.831070573750	-0.069793954262
-0.004367204065	-3.629455170199	0.758164957617	-0.061848304126
-0.454202465650	-3.629586186321	0.685574544052	-0.054629604434
0.013739513079	-3.643212260290	0.612846559585	-0.048137271815
1.725128624631	-3.642800074898	0.539986436234	-0.042373113706
5.016152748854	-3.591046216159	0.467647973323	-0.037335804222
10.215709744050	-3.440561633693	0.397331894824	-0.033013412958
17.613320294246	-3.134090341372	0.331585375074	-0.029373934463
27.409369245650	-2.605690732545	0.274187564335	-0.026353876426
39.644596778519	-1.783409655175	0.230296560457	-0.023845160487
54.106521736466	-0.594071751819	0.206521746388	-0.021680891251
70.211886130036	1.029123900275	0.210872267872	-0.019620974441
86.866492909227	3.135480484176	0.252518311717	-0.017339127486
102.307220849269	5.741475271452	0.341287869273	-0.014413529827
113.935796153904	8.810691896931	0.486809540957	-0.010324196387
118.160308987276	12.228765781548	0.697204117741	-0.004461095991
110.268643471378	15.773575051166	0.977227526069	0.003851982073
84.367969925733	19.081634355307	1.325779620133	0.015311883483
