Simple Aurelia simulation (15cm) by Colin Stewart, 6/10/2019
Cubic spline coefficients for kinematic function sg, generated with MATLAB script "SimpleAureliaKinFlex.m". Function defined by s(t) = C_i(t) = c3_i*t^3 + c2_i*t^2 + c1_i*t^1 + c0_i on t_(i-1) < t <= t_i, where i = 1,2,...n
Row order: spline 1-1000, Column order: c3 c2 c1 c0 
----------------------
918.171317435736	-18.908157970482	1.014287762801	0.000000000000
1077.348244739748	-16.153644018174	0.979225960813	0.000996297776
1220.456171656906	-12.921599283955	0.950150717511	0.001960447441
1347.923428739492	-9.260230768984	0.927968887458	0.002898897016
1460.056562829256	-5.216460482766	0.913492196206	0.003818953596
1557.027585335545	-0.836290794278	0.907439444929	0.004728689388
1638.862756177639	3.834791961728	0.910437946096	0.005636849570
1705.432886319047	8.751380230261	0.923024118288	0.006552761171
1756.445156521707	13.867678889218	0.945643177408	0.007486242102
1791.436465228056	19.137014358784	0.978647870656	0.008447509403
1809.768335185094	24.511323754468	1.022296208769	0.009447085725
1810.623424897505	29.940628760023	1.076748161284	0.010495703026
1793.003709136458	35.372499034716	1.142061289078	0.011604202439
1755.730410045900	40.751510162125	1.218185298275	0.012783429231
1697.445778758626	46.018701392263	1.304955509830	0.014044121770
1616.616845304503	51.111038728539	1.402085249950	0.015396793427
1511.541272556470	55.960889264452	1.509157177943	0.016851606332
1380.355467443424	60.495513082121	1.625613580290	0.018418235941
1221.045119420882	64.636579484452	1.750745672856	0.020105725390
1031.458352551595	68.299714842714	1.883681967184	0.021922328687
809.321692168220	71.394089900369	2.023375771927	0.023875341828
590.620112296631	73.822054976874	2.168591916804	0.025970921011
384.304664819007	75.593915313764	2.318007887095	0.028213925603
193.320631369976	76.746829308221	2.470348631717	0.030607911710
18.987246056957	77.326791202331	2.624422252227	0.033155200492
-138.212683000390	77.383752940502	2.779132796370	0.035856968522
-278.307233451694	76.969114891500	2.933485664202	0.038713346859
-401.662134522548	76.134193191145	3.086588972285	0.041723523331
-508.874475248291	74.929206787578	3.237652372263	0.044885844834
-600.701300986959	73.402583361833	3.385984162413	0.048197917539
-678.008640112335	71.600479458872	3.530987225233	0.051656703583
-741.733577267187	69.566453538535	3.672154158231	0.055258613279
-792.855235355692	67.341252806733	3.809061864576	0.058999592157
-832.372173275110	64.962687100666	3.941365804484	0.062875202420
-861.284599765294	62.465570580841	4.068794062165	0.066880698539
-880.580328559872	59.881716781545	4.191141349527	0.071011096887
-891.223709822136	57.239975795865	4.308263042105	0.075261239373
-894.146981996559	54.566304666399	4.420069322567	0.079625851167
-890.243616564537	51.883863720409	4.526519490954	0.084099592648
-880.363322957833	49.213132870716	4.627616487545	0.088677105759
-865.308444701653	46.572042901842	4.723401663317	0.093353055016
-845.831526728763	43.976117567737	4.813949823787	0.098122163414
-822.633868139335	41.438622987551	4.899364564342	0.102979243523
-796.364904522460	38.970721383133	4.979773908713	0.107919224077
-767.622284655768	36.581626669566	5.055326256766	0.112937172342
-736.952526314015	34.278759815598	5.126186643251	0.118028312603
-704.852147547714	32.067902236656	5.192533305303	0.123188041054
-671.769188500473	29.953345794013	5.254554553334	0.128411937409
-638.105042680273	27.938038228512	5.312445937356	0.133695773539
-604.216532710994	26.023723100471	5.366407698685	0.139035519410
-570.418169621533	24.211073502338	5.416642495288	0.144427346615
-536.984544482346	22.499818993473	5.463353387784	0.149867629765
-504.152808320365	20.888865360026	5.506742072137	0.155352945988
-472.125198737801	19.376406935065	5.547007344432	0.160880072772
-441.071581076132	17.960031338852	5.584343782706	0.166445984399
-411.131978398947	16.636816595623	5.618940630640	0.172047847141
-382.419059135201	15.403420660426	5.650980867896	0.177683013456
-355.020569199166	14.256163483021	5.680640452040	0.183349015326
-329.001687266280	13.191101775423	5.708087717298	0.189043556921
-304.407291803730	12.204096713625	5.733482915787	0.194764506738
-281.264127083713	11.290874838213	5.756977887339	0.200509889343
-259.582862150657	10.447082456962	5.778715844635	0.206277876841
-239.360036215830	9.668333870510	5.798831260962	0.212066780186
-220.579884750634	8.950253761863	5.817449848594	0.217875040420
-203.216047606496	8.288514107611	5.834688616464	0.223701219943
-187.233153427988	7.678865964791	5.850655996536	0.229543993857
-172.588286727393	7.117166504507	5.865452029005	0.235402141487
-159.232333770188	6.599401644325	5.879168597154	0.241274538094
-147.111215323137	6.121704643015	5.891889703441	0.247160146860
-136.167003530664	5.680370997045	5.903691779081	0.253058011157
-126.338933474848	5.271869986453	5.914644020065	0.258967247140
-117.564308216598	4.892853186029	5.924808743237	0.264887036691
-109.779307242893	4.540160261379	5.934241756685	0.270816620724
-102.919700010110	4.210822339650	5.942992739286	0.276755292861
-96.921471506014	3.902063239620	5.951105624865	0.282702393503
-91.721364416053	3.611298825102	5.958618986930	0.288657304270
-87.257347323521	3.336134731854	5.965566420487	0.294619442834
-83.469007731225	3.074362689883	5.971976917909	0.300588258132
-80.297882448914	2.823955666689	5.977875236265	0.306563225944
-77.687725705634	2.583062019343	5.983282253951	0.312543844838
-75.584724979991	2.349998842226	5.988215314812	0.318529632466
-73.937663458408	2.123244667286	5.992688558322	0.324520122195
-72.698040655688	1.901431676911	5.996713234666	0.330514860060
-71.820151572544	1.683337554944	6.000298003898	0.336513402028
-71.261131356940	1.467877100226	6.003449218553	0.342515311550
-70.980966199625	1.254093706155	6.006171189360	0.348520157384
-70.942479459763	1.041150807556	6.008466433874	0.354527511686
-71.111292644731	0.828323369177	6.010335908051	0.360536948329
-71.455766883225	0.614989491243	6.011779220911	0.366548041449
-71.946925821312	0.400622190593	6.012794832594	0.372560364203
-72.558363707133	0.184781413129	6.013380236198	0.378573487711
-73.266148845860	-0.032893677992	6.013532123933	0.384586980170
-74.048705627489	-0.252692124530	6.013246538130	0.390600406135
-74.886701221607	-0.474838241412	6.012519007764	0.396613325932
-75.762921590147	-0.699498345077	6.011344671178	0.402625295215
-76.662145377774	-0.926787109848	6.009718385722	0.408635864625
-77.571014734393	-1.156773545981	6.007634825067	0.414644579561
-78.477910131948	-1.389486590184	6.005088564931	0.420650980042
-79.372821246964	-1.624920320580	6.002074158020	0.426654600642
-80.247224013583	-1.863038784321	5.998586198915	0.432654970507
-81.093956177607	-2.103780456362	5.994619379674	0.438651613420
-81.907101969403	-2.347062324894	5.990168536893	0.444644047925
-82.681874830346	-2.592783630803	5.985228690937	0.450631787493
-83.414510496762	-2.840829255294	5.979795078051	0.456614340718
-84.102159867336	-3.091072786784	5.973863176009	0.462591211552
-84.742793684329	-3.343379266386	5.967428723956	0.468561899553
-85.335106552161	-3.597607647439	5.960487737043	0.474525900155
-85.878430522094	-3.853612967095	5.953036516428	0.480482704950
-86.372651890901	-4.111248258662	5.945071655202	0.486431801975
-86.818135787364	-4.370366214334	5.936590040729	0.492372676009
-87.215656776966	-4.630820621696	5.927588853893	0.498304808865
-87.566330908568	-4.892467592027	5.918065565679	0.504227679683
-87.871559671205	-5.155166584753	5.908017931503	0.510140765215
-88.132975949320	-5.418781263767	5.897443983654	0.516043540108
-88.352390862649	-5.683180191615	5.886342022198	0.521935477177
-88.531753456960	-5.948237364203	5.874710604642	0.527816047667
-88.673111259702	-6.213832624573	5.862548534654	0.533684721502
-88.778573041220	-6.479851958353	5.849854850071	0.539540967531
-88.850277513262	-6.746187677476	5.836628810435	0.545384253751
-88.890370007240	-7.012738510016	5.822869884247	0.551214047523
-88.900973491860	-7.279409620038	5.808577736118	0.557029815779
-88.884173841680	-7.546112540513	5.793752213957	0.562831025204
-88.842000040649	-7.812765062038	5.778393336354	0.568617142422
-88.776409735082	-8.079291062160	5.762501280230	0.574387634151
-88.689279235386	-8.345620291366	5.746076368877	0.580141967364
-88.582394216762	-8.611688129072	5.729119060456	0.585879609423
-88.457442012256	-8.877435311722	5.711629937016	0.591600028213
-88.316007722990	-9.142807637759	5.693609694067	0.597302692257
-88.159570550638	-9.407755660928	5.675059130768	0.602987070828
-87.989503245289	-9.672234372580	5.655979140734	0.608652634043
-87.807070509108	-9.936202882316	5.636370703478	0.614298852960
-87.613431687933	-10.199624093843	5.616234876502	0.619925199653
-87.409642690637	-10.462464388907	5.595572788019	0.625531147292
-87.196658869816	-10.724693316979	5.574385630314	0.631116170206
-86.975340963335	-10.986283293588	5.552674653704	0.636679743947
-86.746456958457	-11.247209316478	5.530441161094	0.642221345342
-86.510690003267	-11.507448687353	5.507686503090	0.647740452547
-86.268643060086	-11.766980757363	5.484412073646	0.653236545091
-86.020847091222	-12.025786686543	5.460619306202	0.658709103915
-85.767765807560	-12.283849227817	5.436309670288	0.664157611414
-85.509804745296	-12.541152525240	5.411484668536	0.669581551467
-85.247315721320	-12.797681939476	5.386145834071	0.674980409473
-84.980608683618	-13.053423886640	5.360294728245	0.680353672378
-84.709953779621	-13.308365712690	5.333932938646	0.685700828702
-84.435594755449	-13.562495574029	5.307062077359	0.691021368565
-84.157751746532	-13.815802358296	5.279683779426	0.696314783711
-83.876633585306	-14.068275613535	5.251799701455	0.701580567530
-83.592439749787	-14.319905514291	5.223411520327	0.706818215080
-83.305372314611	-14.570682833541	5.194520931979	0.712027223102
-83.015643436976	-14.820598950484	5.165129650195	0.717207090046
-82.723478451890	-15.069645880795	5.135239405364	0.722357316081
-82.429127769988	-15.317816316151	5.104851943167	0.727477403117
-82.132868868969	-15.565103699461	5.073969023151	0.732566854815
-81.835017294350	-15.811502306068	5.042592417145	0.737625176602
-81.535931432379	-16.057007357951	5.010723907480	0.742651875681
-81.236015905693	-16.301615152248	4.978365284970	0.747646461046
-80.935730171961	-16.545323199965	4.945518346617	0.752608443479
-80.635594174041	-16.788130390481	4.912184893026	0.757537335567
-80.336188826129	-17.030037173003	4.878366725462	0.762432651694
-80.038163458794	-17.271045739482	4.844065642549	0.767293908046
-79.742239680302	-17.511160229858	4.809283436579	0.772120622605
-79.449212853555	-17.750386948899	4.774021889400	0.776912315139
-79.159952240156	-17.988734587459	4.738282767863	0.781668507192
-78.875404821293	-18.226214444180	4.702067818832	0.786388722066
-78.596594871610	-18.462840658644	4.665378763729	0.791072484795
-78.324622361476	-18.698630443259	4.628217292626	0.795719322121
-78.060660950102	-18.933604310343	4.590585057872	0.800328762459
-77.805954174188	-19.167786293193	4.552483667268	0.804900335851
-77.561813799245	-19.401204155716	4.513914676819	0.809433573926
-77.329609855952	-19.633889597114	4.474879583067	0.813928009837
-77.110763590151	-19.865878426682	4.435379815043	0.818383178201
-76.906738063076	-20.097210717452	4.395416725899	0.822798615027
-76.719025678496	-20.327930931641	4.354991584249	0.827173857635
-76.549137968732	-20.558088008677	4.314105565309	0.831508444570
-76.398584548218	-20.787735422583	4.272759741878	0.835801915498
-76.268855514935	-21.016931176228	4.230955075278	0.840053811106
-76.161404597833	-21.245737742772	4.188692406359	0.844263672981
-76.077617243327	-21.474221956566	4.145972446660	0.848431043488
-76.018793365857	-21.702454808296	4.102795769895	0.852555465635
-75.986113113416	-21.930511188393	4.059162803898	0.856636482932
-75.980599214853	-22.158469527734	4.015073823182	0.860673639238
-76.003089284085	-22.386411325378	3.970528942328	0.864666478611
-76.054192473932	-22.614420593230	3.925528110409	0.868614545139
-76.134244988182	-22.842583170652	3.880071106645	0.872517382775
-76.243265315833	-23.070985905617	3.834157537569	0.876374535164
-76.380905052017	-23.299715701564	3.787786835962	0.880185545472
-76.546391720540	-23.528858416720	3.740958261844	0.883949956212
-76.738474136020	-23.758497591882	3.693670905835	0.887667309069
-76.955362476876	-23.988713014290	3.645923695229	0.891337144739
-77.194663782256	-24.219579101721	3.597715403113	0.894959002765
-77.453312471028	-24.451163093067	3.549044660918	0.898532421395
-77.727503387139	-24.683523030481	3.499909974793	0.902056937439
-78.012616654634	-24.916705540642	3.450309746221	0.905532086164
-78.303143462019	-25.150743390606	3.400242297290	0.908957401192
-78.592611363661	-25.385652820992	3.349705901078	0.912332414442
-78.873502846485	-25.621430655083	3.298698817603	0.915656656098
-79.137179404674	-25.858051163622	3.247219335785	0.918929654612
-79.373803466642	-26.095462701836	3.195265821920	0.922150936759
-79.572258660166	-26.333584112236	3.142836775106	0.925320027744
-79.720076031883	-26.572300888217	3.089930890105	0.928436451363
-79.803363164015	-26.811461116312	3.036547128101	0.931499730232
-79.806735558934	-27.050871205804	2.982684795778	0.934509386096
-79.713253079275	-27.290291412481	2.928343633160	0.937464940214
-79.504365806237	-27.529431171719	2.873523910577	0.940365913842
-79.159873940693	-27.767944269138	2.818226535136	0.943211828817
-78.657884813351	-28.005423890960	2.762453166976	0.946002208248
-77.974795552518	-28.241397545400	2.706206345540	0.948736577333
-77.085285822792	-28.475321932058	2.649489626062	0.951414464307
-75.962328004785	-28.706577789526	2.592307726341	0.954035401525
-74.577219595087	-28.934464773540	2.534666683777	0.956598926712
-72.899632775970	-29.158196432326	2.476574022572	0.959104584353
-70.897699413962	-29.376895330653	2.418038930809	0.961551927280
-68.538111321269	-29.589588428895	2.359072447049	0.963940518418
-65.786265046350	-29.795202762859	2.299687655858	0.966269932738
-62.606433919884	-29.992561557998	2.239899891537	0.968539759405
-58.961981031393	-30.180380859758	2.179726949120	0.970749604129
-54.815615326228	-30.357266802852	2.119189301457	0.972899091735
-50.129691156317	-30.521713648831	2.058310321006	0.974987868954
-44.866559899871	-30.672102722300	1.997116504634	0.977015607432
-38.988970583092	-30.806702401999	1.935637699511	0.978982006967
-32.460536632383	-30.923669313749	1.873907327795	0.980886798975
-25.246250237286	-31.021050923646	1.811962607557	0.982729750173
-17.313071001160	-31.096789674358	1.749844766959	0.984510666483
-8.630582718607	-31.148728887361	1.687599248397	0.986229397148
0.828284801923	-31.174620635517	1.625275898873	0.987885839037
11.086457683619	-31.172135781111	1.562929142456	0.989479941143
22.161841457169	-31.138876408060	1.500618130268	0.991011709236
34.066361063296	-31.072390883689	1.438406862976	0.992481210652
46.804931011896	-30.970191800499	1.376364280291	0.993888579190
60.374337447486	-30.829777007463	1.314564311484	0.995234020084
74.762028909054	-30.648653995121	1.253085880481	0.996517814993
89.944845488748	-30.424367908393	1.192012858578	0.997740326981
105.887643111796	-30.154533371927	1.131433957298	0.998902005417
122.541856654302	-29.836870442592	1.071442553483	1.000003390728
139.843983504975	-29.469244872629	1.012136438168	1.001045118953
157.713988599832	-29.049712922114	0.953617480373	1.002027925990
176.053659939670	-28.576570956315	0.895991196494	1.002952651472
194.744894805964	-28.048409976496	0.839366215561	1.003820242151
213.647949727321	-27.464175292078	0.783853630292	1.004631754702
232.599648934876	-26.823231442896	0.729566223557	1.005388357804
251.411580468957	-26.125432496091	0.676617559618	1.006091333396
269.868277961021	-25.371197754684	0.625120929368	1.006742076935
287.725428877201	-24.561592920801	0.575188138692	1.007342096535
304.708110926832	-23.698416634170	0.526928129137	1.007893010806
320.509096987126	-22.784292301389	0.480445420201	1.008396545227
334.787232486037	-21.822765010428	0.435838362889	1.008854526864
347.165958859534	-20.818403312969	0.393197194565	1.009268877249
357.231969120953	-19.776905436391	0.352601885817	1.009641603206
364.534053447000	-18.705209529028	0.314119770851	1.009974785418
368.582195889220	-17.611607368687	0.277802953953	1.010270564514
368.846934145094	-16.505860781019	0.243685485803	1.010531124442
365.319235959519	-15.399319978584	0.211780305044	1.010758672914
358.512442507671	-14.303362270706	0.182077622794	1.010955419219
348.903172813462	-13.227824943183	0.154546435579	1.011123551992
336.931650958719	-12.181115424742	0.129137495211	1.011265219506
323.002353035489	-11.170320471866	0.105786059313	1.011382512817
307.484921245218	-10.201313412760	0.084414425429	1.011477451558
290.715289420009	-9.278858649024	0.064934253366	1.011551972155
272.996976716362	-8.406712780764	0.047248681936	1.011607918265
254.602517723538	-7.587721850615	0.031254247304	1.011647033231
235.774995936483	-6.823914297444	0.016842611156	1.011670954359
216.729652448481	-6.116589309635	0.003902107548	1.011681208831
197.655540076580	-5.466400352289	-0.007680882115	1.011679211079
178.717209618097	-4.873433732060	-0.018020716199	1.011666261452
160.056397328427	-4.337282103205	-0.027231432034	1.011643546019
141.793710088226	-3.857112911220	-0.035425827049	1.011612137362
124.030279719162	-3.431731780955	-0.042714671742	1.011572996215
106.849386405931	-3.059640941798	-0.049206044464	1.011526973842
90.318028205685	-2.739092782580	-0.055004778188	1.011474815006
74.488445846189	-2.468138697963	-0.060212009670	1.011417161453
59.399574864257	-2.244673360424	-0.064924821729	1.011354555793
45.078436986818	-2.066474635832	-0.069235969726	1.011287445698
31.541456118056	-1.931239324871	-0.073233683686	1.011216188332
18.795700663035	-1.836614956517	-0.077001537966	1.011141054950
6.840047314072	-1.780227854528	-0.080618380777	1.011062235593
-4.333724488077	-1.759707712586	-0.084158316345	1.010979843824
-14.739924087987	-1.772708886050	-0.087690732944	1.010893921467
-24.398017053885	-1.816928658314	-0.091280370489	1.010804443285
-33.331759881129	-1.890122709476	-0.094987421857	1.010711321588
-41.568415857133	-1.990117989119	-0.098867662555	1.010614410711
-49.138038658714	-2.114823236690	-0.102972603781	1.010513511362
-56.072821278702	-2.262237352666	-0.107349664369	1.010408374797
-62.406520336221	-2.430455816503	-0.112042357537	1.010298706823
-68.173929765529	-2.617675377511	-0.117090488730	1.010184171603
-73.410418978193	-2.822197166808	-0.122530361274	1.010064395265
-78.151529532367	-3.042428423742	-0.128394986864	1.009938969296
-82.432620463665	-3.276883012339	-0.134714298300	1.009807453729
-86.288557750439	-3.524180873730	-0.141515362185	1.009669380115
-89.753456694200	-3.783046546982	-0.148822589606	1.009524254284
-92.860464893042	-4.052306917064	-0.156657943070	1.009371558894
-95.641572403145	-4.330888311744	-0.165041138299	1.009210755784
-98.127469144836	-4.617813028953	-0.173989839641	1.009041288115
-100.347427858170	-4.912195436387	-0.183519848107	1.008862582335
-102.329214548130	-5.213237719962	-0.193645281264	1.008674049944
-104.099029140133	-5.520225363606	-0.204378744347	1.008475089096
-105.681461599818	-5.832522451027	-0.215731492162	1.008265086027
-107.099478285474	-6.149566835826	-0.227713581449	1.008043416331
-108.374413082198	-6.470865270683	-0.240334013555	1.007809446084
-109.525986488135	-6.795988509929	-0.253600867336	1.007562532830
-110.572330416089	-7.124566469394	-0.267521422316	1.007302026448
-111.530020968298	-7.456283460642	-0.282102272246	1.007027269887
-112.414132583689	-7.790873523547	-0.297349429231	1.006737599802
-113.238289106655	-8.128115921298	-0.313268418677	1.006432347085
-114.014722798180	-8.467830788618	-0.329864365388	1.006110837312
-114.754344187216	-8.809874957012	-0.347142071134	1.005772391101
-115.466808071009	-9.154137989574	-0.365106084080	1.005416324400
-116.160584111974	-9.500538413787	-0.383760760483	1.005041948712
-116.843031691739	-9.849020166123	-0.403110319063	1.004648571252
-117.520473893185	-10.199549261198	-0.423158888490	1.004235495070
-118.198265403488	-10.552110682878	-0.443910548434	1.003802019112
-118.880870978784	-10.906705479088	-0.465369364596	1.003347438254
-119.571936958599	-11.263348092025	-0.487539418167	1.002871043303
-120.274353365570	-11.622063902900	-0.510424830162	1.002372120965
-120.990323764030	-11.982886962997	-0.534029781028	1.001849953797
-121.721436253969	-12.345857934289	-0.558358525926	1.001303820138
-122.468712522433	-12.711022243051	-0.583415406105	1.000732994033
-123.232672381576	-13.078428380618	-0.609204856729	1.000136745136
-124.013388265124	-13.448126397763	-0.635731411507	0.999514338618
-124.810538017961	-13.820166562558	-0.662999704468	0.998865035067
-125.623447615055	-14.194598176612	-0.691014469208	0.998188090385
-126.451141754390	-14.571468519457	-0.719780535904	0.997482755695
-127.292384339080	-14.950821944721	-0.749302826368	0.996748277239
-128.145713298734	-15.332699097738	-0.779586347412	0.995983896298
-129.009477893585	-15.717136237634	-0.810636182748	0.995188849106
-129.881870554295	-16.104164671315	-0.842457483657	0.994362366778
-130.760955084444	-16.493810282978	-0.875055458612	0.993503675247
-131.644693205108	-16.886093148231	-0.908435362044	0.992611995218
-132.530966481004	-17.281027227846	-0.942602482421	0.991686542118
-133.417598346906	-17.678620127289	-0.977562129776	0.990726526077
-134.302372674359	-18.078872922330	-1.013319622826	0.989731151910
-135.183048527117	-18.481780040353	-1.049880275788	0.988699619111
-136.057372609990	-18.887329185935	-1.087249385015	0.987631121873
-136.923096222548	-19.295501303765	-1.125432215505	0.986524849101
-137.777982185364	-19.706270592432	-1.164433987401	0.985379984461
-138.619810365798	-20.119604538988	-1.204259862532	0.984195706425
-139.446392050716	-20.535463970086	-1.244914931041	0.982971188338
-140.255575453697	-20.953803146238	-1.286404198158	0.981705598497
-141.045239689642	-21.374569872599	-1.328732571178	0.980398100240
-141.813312580992	-21.797705591668	-1.371904846643	0.979047852054
-142.557763944030	-22.223145529411	-1.415925697764	0.977654007688
-143.276616110552	-22.650818821243	-1.460799662114	0.976215716287
-143.967937599990	-23.080648669575	-1.506531129605	0.974732122529
-144.629853987470	-23.512552482375	-1.553124330758	0.973202366783
-145.260540043150	-23.946442044337	-1.600583325285	0.971625585270
-145.858228207166	-24.382223664466	-1.648911990993	0.970000910242
-146.421204276544	-24.819798349088	-1.698114013006	0.968327470169
-146.947812856653	-25.259061961917	-1.748192873318	0.966604389937
-147.436456206498	-25.699905400487	-1.799151840681	0.964830791054
-147.885596103491	-26.142214769107	-1.850993960851	0.963005791871
-148.293757921814	-26.585871557417	-1.903722047177	0.961128507810
-148.659527541004	-27.030752831183	-1.957338671565	0.959198051598
-148.981560777701	-27.476731413806	-2.011846155810	0.957213533514
-149.258584027290	-27.923676096139	-2.067246563320	0.955174061645
-149.489394388910	-28.371451848221	-2.123541691264	0.953078742147
-149.672871817717	-28.819920031388	-2.180733063144	0.950926679514
-149.807980257573	-29.268938646841	-2.238821921822	0.948716976858
-149.893770236037	-29.718362587613	-2.297809223056	0.946448736190
-149.929393450746	-30.168043898322	-2.357695629543	0.944121058710
-149.914101449313	-30.617832078674	-2.418481505521	0.941733045108
-149.847262085478	-31.067574383022	-2.480166911982	0.939283795856
-149.728361449983	-31.517116169278	-2.542751602534	0.936772411522
-149.557018394083	-31.966301253628	-2.606235019957	0.934197993075
-149.332990863263	-32.414972308810	-2.670616293519	0.931559642197
-149.056188135415	-32.862971281400	-2.735894237110	0.928856461598
-148.726686496650	-33.310139845806	-2.802067348237	0.926087555334
-148.344732612054	-33.756319905296	-2.869133807988	0.923252029119
-147.910763332722	-34.201354103133	-2.937091481997	0.920348990646
-147.425413043830	-34.645086393131	-3.005937922494	0.917377549899
-146.889529175452	-35.087362632262	-3.075670371519	0.914336819465
-146.304183316746	-35.528031219789	-3.146285765370	0.911225914841
-145.670685210941	-35.966943769739	-3.217780740360	0.908043954741
-144.990592093578	-36.403955825372	-3.290151639955	0.904790061386
-144.265720450627	-36.838927601652	-3.363394523382	0.901463360799
-143.498156412679	-37.271724763004	-3.437505175746	0.898062983083
-142.690267645164	-37.702219232242	-3.512479119742	0.894588062684
-141.844706199758	-38.130290035178	-3.588311629009	0.891037738655
-140.964416307179	-38.555824153777	-3.664997743198	0.887411154891
-140.052642474129	-38.978717402699	-3.742532284755	0.883707460359
-139.112921480498	-39.398875330121	-3.820909877488	0.879925809304
-138.149085532336	-39.816214094562	-3.900124966912	0.876065361439
-137.165260521238	-40.230661351159	-3.980171842358	0.872125282109
-136.165849901583	-40.642157132723	-4.061044660842	0.868104742440
-135.155525498606	-41.050654682428	-4.142737472657	0.864002919456
-134.139203826273	-41.456121258924	-4.225244248598	0.859818996173
-133.122028319671	-41.858538870403	-4.308558908727	0.855552161664
-132.109334870402	-42.257904955362	-4.392675352552	0.851201611094
-131.106615633345	-42.654232959973	-4.477587490468	0.846766545727
-130.119473763277	-43.047552806873	-4.563289276235	0.842246172897
-129.153573422942	-43.437911228163	-4.649774740269	0.837639705949
-128.214577298967	-43.825371948431	-4.737038023446	0.832946364144
-127.308073748831	-44.210015680328	-4.825073411076	0.828165372534
-126.439501072224	-44.591939901575	-4.913875366658	0.823295961799
-125.614052817613	-44.971258404792	-5.003438564964	0.818337368053
-124.836580322137	-45.348100563244	-5.093757923932	0.813288832615
-124.111469580076	-45.722610304211	-5.184828634800	0.808149601754
-123.442525371990	-46.094944712951	-5.276646189818	0.802918926398
-122.832824709839	-46.465272289067	-5.369206406820	0.797596061821
-122.284566038819	-46.833770763196	-5.462505449872	0.792180267309
-121.798903477734	-47.200624461313	-5.556539845098	0.786670805804
-121.375766373118	-47.566021171746	-5.651306490731	0.781066943535
-121.013661290185	-47.930148470866	-5.746802660374	0.775367949648
-120.709462346856	-48.293189454736	-5.843025998300	0.769573095825
-120.458194221852	-48.655317841777	-5.939974505596	0.763681655928
-120.252785900814	-49.016692424442	-6.037646515862	0.757692905646
-120.083821811752	-49.377450782145	-6.136040659068	0.751606122185
-119.939279587038	-49.737702247580	-6.235155812098	0.745420583991
-119.804251052874	-50.097520086341	-6.334991034432	0.739135570538
-119.660654211915	-50.456932839500	-6.435545487358	0.732750362179
-119.486934908651	-50.815914802135	-6.536818334999	0.726264240098
-119.257767014107	-51.174375606861	-6.638808625409	0.719676486361
-118.943734103051	-51.532148907904	-6.741515149924	0.712986384103
-118.511018776883	-51.888980110213	-6.844936278942	0.706193217860
-117.921088586033	-52.244513166543	-6.949069772219	0.699296274090
-117.130382679151	-52.598276432302	-7.053912561818	0.692294841884
-116.090007066996	-52.949667580339	-7.159460505831	0.685188213915
-114.745440746465	-53.297937601540	-7.265708111013	0.677975687651
-113.036255008262	-53.642173923779	-7.372648222538	0.670656566857
-110.895861545980	-53.981282688804	-7.480271679150	0.663230163425
-108.251276361369	-54.313970273442	-7.588566932112	0.655695799567
-105.022930474764	-54.638724102526	-7.697519626488	0.648052810413
-101.124509542747	-54.953792893950	-7.807112143485	0.640300547040
-96.462852430434	-55.257166422579	-7.917323102801	0.632438379979
-90.937898800909	-55.546554979870	-8.028126824203	0.624465703247
-84.442711638324	-55.819368676273	-8.139492747860	0.616381938930
-76.863571572284	-56.072696811188	-8.251384813347	0.608186542371
-68.080161084723	-56.303287525905	-8.363760797684	0.599879007997
-57.965844738337	-56.507528009159	-8.476571613219	0.591458875831
-46.388063260716	-56.681425543374	-8.589760566772	0.582925738724
-33.208852984671	-56.820589733156	-8.703262582048	0.574279250344
-18.285494496736	-56.920216292110	-8.817003388073	0.565519133963
-1.471321772324	-56.975072775600	-8.930898677141	0.556645192073
17.383312420156	-56.979486740917	-9.044853236657	0.547657316852
38.429886174387	-56.927336803657	-9.158760060201	0.538555501512
61.820365850597	-56.812047145133	-9.272499444150	0.529339852545
87.705653599845	-56.626586047582	-9.385938077342	0.520010602874
116.233810640555	-56.363469086782	-9.498928132477	0.510568125916
147.548039386494	-56.014767654861	-9.611306369219	0.501012950549
181.784410781897	-55.572123536701	-9.722893260411	0.491345776960
219.069326620756	-55.026770304355	-9.833492154251	0.481567493360
259.516692465489	-54.369562324493	-9.942888486880	0.471679193505
303.224800899395	-53.591012247097	-10.050849061451	0.461682194973
350.272906628744	-52.681337844398	-10.157121411543	0.451578058124
400.717485442993	-51.630519124512	-10.261433268511	0.441368605647
454.588164176004	-50.428366668183	-10.363492154304	0.431055942577
511.883331656685	-49.064602175655	-10.462985123148	0.420642476644
572.565405531847	-47.528952180685	-10.559578677504	0.410130938802
636.555769673445	-45.811255964090	-10.652918885649	0.399524403738
703.729387016284	-43.901588655069	-10.742631730268	0.388826310152
773.909087171195	-41.790400494020	-10.828323719417	0.378040480563
846.859544781594	-39.468673232507	-10.909582793144	0.367171140352
922.280968710541	-36.928094598162	-10.985979560975	0.356222935745
999.802523172933	-34.161251692031	-11.057068907265	0.345200950370
1078.975513116363	-31.161844122512	-11.122392003079	0.334110720014
1159.266365696907	-27.924917583162	-11.181478764785	0.322958245142
1240.049460998053	-24.447118486072	-11.233850800854	0.311750000726
1320.599855875378	-20.726970103078	-11.279024889443	0.300492942856
1400.085971396252	-16.765170535451	-11.316517030082	0.289194511597
1477.562311880247	-12.564912621263	-11.345847113238	0.277862629482
1551.962300544864	-8.132225685622	-11.366544251545	0.266505695018
1622.091324883031	-3.476338783988	-11.378152816015	0.255132570503
1686.620099873418	1.389935190662	-11.380239219608	0.243752563440
1744.078467214054	6.449795490282	-11.372399488927	0.232375400776
1792.849763831792	11.682030891924	-11.354267662545	0.221011195161
1831.165908471690	17.060580183419	-11.325525051469	0.209670402379
1857.103362170213	22.554077908835	-11.285910393377	0.198363769073
1868.580146645334	28.125387995345	-11.235230927473	0.187102269861
1863.354108993061	33.731128435281	-11.173374411042	0.175897032902
1839.022639313895	39.321190762260	-11.100322091845	0.164759252973
1793.024067574936	44.838258680202	-11.016162642402	0.153700091095
1722.640980563561	50.217330882927	-10.921107052839	0.142730559735
1625.005711734804	55.385253824617	-10.815504468131	0.131861392654
1497.108277475080	60.260270959822	-10.699858943347	0.121102898446
1335.807045231865	64.751595792247	-10.574847076595	0.110464796882
1137.842435379057	68.759016927943	-10.441336463875	0.099956037208
899.853968304267	72.172544234080	-10.300404902713	0.089584597603
618.400984065890	74.872106138993	-10.153360252340	0.079357265099
289.987369261477	76.727309091190	-10.001760837109	0.069279395354
-88.909365984852	77.597271198975	-9.847436256819	0.059354651813
-521.804311376887	77.330543101020	-9.692508442519	0.049584723918
-1012.166329278314	75.765130166890	-9.539412769251	0.039969024214
-1391.541595161155	72.728631179055	-9.390919007906	0.030504364409
-1683.962061750814	68.554006393572	-9.249636370333	0.021184782491
-1903.234855782076	63.502120208319	-9.117580243731	0.012002016165
-2060.015303730201	57.792415640973	-8.996285707882	0.002946034806
-2163.170906224929	51.612369729782	-8.886880922511	-0.005994518501
-2220.339747041081	45.122857011108	-8.790145695770	-0.014831950225
-2238.220778797817	38.461837769984	-8.706561000989	-0.023579193403
-2222.747397396869	31.747175433591	-8.636351987785	-0.032249530787
-2179.202018281820	25.078933241400	-8.579525879110	-0.040856358347
-2112.297786641609	18.541327186555	-8.535905618682	-0.049412984495
-2026.240660474685	12.204433826630	-8.505159857669	-0.057932461084
-1924.779124672017	6.125711845206	-8.486829711997	-0.066427442749
-1811.245747383665	0.351374471189	-8.480352625681	-0.074910071528
-1688.593126584579	-5.082362770961	-8.485083613981	-0.083391884025
-1559.425817832740	-10.148142150715	-8.500314118902	-0.091883738595
-1426.029259293776	-14.826419604213	-8.525288680657	-0.100395760282
-1290.396352574870	-19.104507382095	-8.559219607644	-0.108937301411
-1154.252135744866	-22.975696439819	-8.601299811466	-0.117516915923
-1019.076832922313	-26.438452847054	-8.650713960753	-0.126142345683
-886.127475732311	-29.495683345821	-8.706648096946	-0.134820517173
-756.458225465886	-32.154065773018	-8.768297846065	-0.143557547081
-630.939486442535	-34.423440449415	-8.834875352287	-0.152358755451
-510.275873688857	-36.316258908743	-8.905615051645	-0.161228685183
-395.023081599747	-37.847086529810	-8.979778397084	-0.170171126770
-285.603692442996	-39.032155774609	-9.056657639388	-0.179189147276
-182.321952531491	-39.888966851938	-9.135578762015	-0.188285122675
-85.377549725026	-40.435932709532	-9.215903661576	-0.197460772726
5.121581820165	-40.692065358707	-9.297031659644	-0.206717197698
89.147401474271	-40.676700613247	-9.378400425616	-0.216054916301
166.740815765569	-40.409258408824	-9.459486384638	-0.225473904280
238.001611389727	-39.909035961527	-9.539804679008	-0.234973633182
303.079238440536	-39.195031127358	-9.618908746097	-0.244553108896
362.164408777550	-38.285793412037	-9.696389570636	-0.254210909594
415.481467204019	-37.199300185704	-9.771874664233	-0.263945222793
463.281506155610	-35.952855784092	-9.845026820203	-0.273753881276
505.836180090800	-34.563011265625	-9.915542687253	-0.283634397671
543.432182750950	-33.045502725353	-9.983151201243	-0.293583997533
576.366345472854	-31.415206177100	-10.047611910146	-0.303599650805
604.941322065414	-29.686107140681	-10.108713223463	-0.313678101555
629.461815486235	-27.871283174485	-10.166270613778	-0.323815895944
650.231311103652	-25.982897728026	-10.220124794681	-0.334009408379
667.549278542795	-24.032203794715	-10.270139896203	-0.344254865840
681.708803238522	-22.029555959087	-10.316201655957	-0.354548370391
692.994613645384	-19.984429549371	-10.358215641465	-0.364885919894
701.681469401146	-17.905445708435	-10.396105516723	-0.375263426971
708.032876361871	-15.800401300232	-10.429811363731	-0.385676736252
712.300095680011	-13.676302671146	-10.459288067702	-0.396121639984
714.721418864331	-11.539402384106	-10.484503772758	-0.406593892054
715.521680983880	-9.395238127513	-10.505438413269	-0.417089220508
714.911979270586	-7.248673084561	-10.522082324481	-0.427603338638
713.089578060045	-5.103937146750	-10.534434934713	-0.438131954723
710.237975617186	-2.964668412570	-10.542503540272	-0.448670780505
706.527103234567	-0.833954485718	-10.546302163170	-0.459215538476
702.113643822061	1.285626823986	-10.545850490832	-0.469761968067
697.141454317148	3.391967755452	-10.541172896253	-0.480305830817
691.742055503183	5.483392118403	-10.532297536379	-0.490842914604
686.035197965640	7.558618284913	-10.519255525976	-0.501369037006
680.129470421660	9.616723878810	-10.502080183813	-0.511880047879
674.122947230009	11.657112290075	-10.480806347643	-0.522371831209
668.103853506713	13.679481131765	-10.455469754221	-0.532840306322
662.151250160710	15.683792692285	-10.426106480397	-0.543281428491
656.335715879710	17.670246442767	-10.392752441261	-0.553691189027
650.720019022917	19.639253590406	-10.355442941228	-0.564065614886
645.359781349996	21.591413647475	-10.314212273990	-0.574400767854
640.304111489629	23.527492991525	-10.269093367351	-0.584692743355
635.596213659141	25.448405325994	-10.220117469034	-0.594937668925
631.273960610511	27.355193966971	-10.167313869741	-0.605131702392
627.370420960982	29.249015848803	-10.110709659925	-0.615271029794
623.914348925730	31.131127111686	-10.050329516965	-0.625351863068
620.930616634429	33.002870158463	-9.986195519694	-0.635370437543
618.440600791229	34.865662008366	-9.918326987527	-0.645323009262
616.462505011408	36.720983810740	-9.846740341708	-0.655205852147
615.011628975636	38.570371325774	-9.771448986571	-0.665015255043
614.100574390515	40.415406212701	-9.692463209033	-0.674747518646
613.739384460278	42.257707935873	-9.609790094884	-0.684398952348
613.935619343619	44.098926089253	-9.523433460858	-0.693965870996
614.694365364899	45.940732947284	-9.433393801821	-0.703444591595
616.018171533514	47.784816043379	-9.339668252830	-0.712831429970
617.906920068468	49.632870557980	-9.242250566228	-0.722122697388
620.357623425924	51.486591318185	-9.141131104352	-0.731314697177
623.364152891534	53.347664188463	-9.036296848845	-0.740403721332
626.916890708162	55.217756647137	-8.927731428010	-0.749386047153
631.002320196989	57.098507319262	-8.815415164044	-0.758257933907
635.602533491736	58.991514279853	-8.699325142444	-0.767015619562
640.694679653056	60.898321880328	-8.579435306284	-0.775655317587
646.250337018503	62.820405919287	-8.455716578485	-0.784173213877
652.234824130666	64.759156930342	-8.328137015634	-0.792565463799
658.606444173325	66.715861402735	-8.196661997301	-0.800828189423
665.315666923840	68.691680735255	-8.061254455164	-0.808957476953
672.304260415215	70.687627736026	-7.921875146692	-0.816949374411
679.504359232557	72.704540517272	-7.778482978439	-0.824799889626
686.837494793422	74.743053594969	-7.631035384326	-0.832504988560
694.213586040982	76.803566079350	-7.479488764652	-0.840060594053
701.529888175921	78.886206837472	-7.323798991734	-0.847462585038
708.669923485626	80.990796502000	-7.163921988394	-0.854706796293
715.502403191686	83.116806272457	-6.999814385619	-0.861789018815
721.880131757198	85.263313482032	-6.831434265865	-0.868705000892
727.638936857369	87.428953877304	-6.658741998506	-0.875450449964
732.596618120633	89.611870687876	-6.481701173940	-0.882021035370
736.551931692270	91.809660542238	-6.300279642710	-0.888412392076
739.283642296532	94.019316337315	-6.114450665831	-0.894620125507
740.549649100300	96.237167264204	-5.924194182229	-0.900639817573
740.086213936707	98.458816211505	-5.729498198752	-0.906467034038
737.607315891412	100.679074853315	-5.530360307687	-0.912097333334
732.804154872293	102.891896800990	-5.326789336033	-0.917526276960
725.344834941409	105.090309265606	-5.118807129967	-0.922749441595
714.874259225622	107.266343770431	-4.906450476930	-0.927762433071
701.014269610124	109.410966548107	-4.689773166611	-0.932560902330
683.364061326320	111.514009356938	-4.468848190706	-0.937140563515
661.500921801435	113.564101540917	-4.243770079807	-0.941497214333
634.981312306422	115.548604306321	-4.014657373960	-0.945626758810
603.342368321960	117.453548243241	-3.781655221411	-0.949525232598
566.103821045678	119.263575348206	-3.544938097819	-0.953188830929
522.770427808827	120.961886811343	-3.304712635659	-0.956613939348
472.834927165531	122.530198094770	-3.061220550752	-0.959797167326
415.781584331445	123.948702876266	-2.814741649780	-0.962735384844
351.090376072013	125.196047629261	-2.565596899273	-0.965425762009
278.241865887305	126.249318757477	-2.314151532886	-0.967865811771
196.722810923868	127.084044355139	-2.060818169773	-0.970053435743
106.032572048472	127.674212787910	-1.806059912630	-0.971986973145
5.690366204486	127.992310504056	-1.550393389337	-0.973665252813
-104.756595061805	128.009381602669	-1.294391697230	-0.975087648201
-225.724016483999	127.695111817484	-1.038687203809	-0.976254135273
-357.580444057812	127.017939768032	-0.783974152224	-0.977165353089
-500.636162582353	125.945198435858	-0.531011014020	-0.977822666882
-655.131031506409	124.443289948111	-0.280622525636	-0.978228233334
-821.221217252967	122.477896853592	-0.033701338834	-0.978385067701
-998.964804264063	120.014233201833	0.208790791221	-0.978297112364
-1188.306282673076	117.017338789041	0.445822363212	-0.977969306304
-1389.059877890028	113.452419941022	0.676292121942	-0.977407654909
-1550.393367600666	109.285240307352	0.899029782191	-0.976619299427
-1676.002141172402	104.634060204550	1.112949082703	-0.975612534797
-1769.427110272165	99.606053781032	1.317189196689	-0.974396627657
-1834.042090365067	94.297772450216	1.511093022920	-0.972981601833
-1873.044401066335	88.795646179120	1.694186441550	-0.971378045080
-1889.448351235097	83.176512975922	1.866158600705	-0.969596936037
-1886.081289882448	77.508167922216	2.026843281602	-0.967649490371
-1865.581915368360	71.849924052569	2.176201373577	-0.965547025003
-1830.400572919651	66.253178306464	2.314304475935	-0.963300839287
-1782.801261001138	60.761976587705	2.441319630830	-0.960922112034
-1724.865113077078	55.413572804702	2.557495180223	-0.958421813228
-1658.495119632774	50.238977465470	2.663147730494	-0.955810629340
-1585.421892224939	45.263492106572	2.758650200066	-0.953098901127
-1507.210272226784	40.507226429897	2.844420918603	-0.950296572857
-1425.266613012572	35.985595613217	2.920913740646	-0.947413151922
-1340.846574578684	31.709795774179	2.988609132034	-0.944457677852
-1255.063297173368	27.687256050443	3.048006183859	-0.941438699771
-1168.895828346697	23.922066158923	3.099615506069	-0.938364261394
-1083.197680481303	20.415378673883	3.143952950903	-0.935241892718
-998.705434669607	17.165785632439	3.181534115210	-0.932078607586
-916.047300133938	14.169669328430	3.212869570171	-0.928880906391
-835.751550381413	11.421527428028	3.238460766928	-0.925654783198
-758.254781723825	8.914272776884	3.258796567134	-0.922405736656
-683.909934847324	6.639508431713	3.274350348343	-0.919138784070
-612.994038184513	4.587778627171	3.285577635401	-0.915858478124
-545.715636988073	2.748796512617	3.292914210542	-0.912568925704
-482.221886723185	1.111649601653	3.296774656657	-0.909273808412
-422.605271575646	-0.335016058517	3.297551290200	-0.905976404328
-366.909953494929	-1.602831873244	3.295613442268	-0.902679610659
-315.137737478571	-2.703561733728	3.291307048662	-0.899385966959
-267.253637978236	-3.648974946164	3.284954511982	-0.896097678609
-223.191053991243	-4.450735860099	3.276854801175	-0.892816640326
-182.856562909580	-5.120309022073	3.267283756293	-0.889544459452
-146.134325944911	-5.668878710801	3.256494568561	-0.886282478861
-112.890125950471	-6.107281688636	3.244718408161	-0.883031799305
-82.975038580565	-6.445952066487	3.232165174406	-0.879793301069
-56.228761385247	-6.694877182229	3.219024345157	-0.876567664822
-32.482607312936	-6.863563466385	3.205465904509	-0.873355391583
-11.562181980837	-6.961011288324	3.191641329755	-0.870156821724
6.710237562823	-6.995697834266	3.177684620633	-0.866972152968
22.513610686456	-6.975567121578	3.163713355677	-0.863801457335
36.026300888604	-6.908026289518	3.149829762267	-0.860644697033
47.424490748733	-6.799947386852	3.136121788591	-0.857501739270
56.880830657562	-6.657673914606	3.122664167290	-0.854372370005
64.563297986809	-6.487031422634	3.109519461953	-0.851256306630
70.634241308306	-6.293341528673	3.096739089002	-0.848153209637
75.249617341863	-6.081438804748	3.084364308669	-0.845062693255
78.558378118587	-5.855689952723	3.072427179912	-0.841984335135
80.702002254990	-5.620014818367	3.060951475140	-0.838917685087
81.814171359130	-5.377908811602	3.049953551510	-0.835862272925
82.020546308386	-5.132466297525	3.039443176400	-0.832817615468
81.438654452590	-4.886404658599	3.029424305444	-0.829783222737
80.177868307960	-4.642088695242	3.019895812089	-0.826758603398
78.339465912157	-4.401555090318	3.010852168304	-0.823743269497
76.016747828460	-4.166536692581	3.002284076521	-0.820736740544
73.295222059258	-3.938486449096	2.994179053380	-0.817738546987
70.252840151662	-3.718600782918	2.986521966148	-0.814748233125
66.960260490805	-3.507842262463	2.979295523103	-0.811765359507
63.481153846696	-3.306961480991	2.972480719359	-0.808789504866
59.872532536684	-3.116518019451	2.966057239858	-0.805820267627
56.185098661716	-2.936900421841	2.960003821417	-0.802857267032
52.463600323728	-2.768345125855	2.954298575870	-0.799900143926
48.747202648167	-2.610954324884	2.948919276419	-0.796948561232
45.069858211951	-2.464712716940	2.943843609377	-0.794002204163
41.460678293793	-2.329503142304	2.939049393517	-0.791060780196
37.944299963244	-2.205121107423	2.934514769268	-0.788124018845
34.541246146672	-2.091288207533	2.930218359952	-0.785191671253
31.268278754854	-1.987664469093	2.926139407276	-0.782263509640
28.138735027771	-1.893859632828	2.922257883174	-0.779339326629
25.162859361995	-1.809443427745	2.918554580113	-0.776418934466
22.348111204003	-1.733954849659	2.915011181835	-0.773502164167
19.699466830089	-1.666910516047	2.911610316469	-0.770588864592
17.219697813687	-1.607812115557	2.908335593838	-0.767678901486
14.909635726349	-1.556153022116	2.905171628700	-0.764772156485
12.768422718611	-1.511424114937	2.902104051563	-0.761868526100
10.793740817063	-1.473118846781	2.899119508601	-0.758967920704
8.982024992546	-1.440737624330	2.896205652130	-0.756070263520
7.328663025038	-1.413791549352	2.893351122957	-0.753175489624
5.828175666109	-1.391805560277	2.890545525847	-0.750283544964
4.474382096872	-1.374321033278	2.887779399254	-0.747394385415
3.260547659017	-1.360897886988	2.885044180334	-0.744507975863
2.179524096694	-1.351116244011	2.882332166202	-0.741624289320
1.223867394961	-1.344577671721	2.879636472287	-0.738743306090
0.385947146482	-1.340906069536	2.876950988546	-0.735865012972
-0.341958368695	-1.339748228096	2.874270334248	-0.732989402503
-0.967576080878	-1.340774103202	2.871589811917	-0.730116472259
-1.498567158617	-1.343676831445	2.868905360982	-0.727246224189
-1.942465527665	-1.348172532921	2.866213511618	-0.724378664003
-2.306621420549	-1.353999929504	2.863511339156	-0.721513800607
-2.598159495987	-1.360919793766	2.860796419433	-0.718651645574
-2.823941923860	-1.368714272254	2.858066785367	-0.715792212673
-2.990535837584	-1.377186098025	2.855320884998	-0.712935517425
-3.104198624835	-1.386157705538	2.852557541195	-0.710081576717
-3.170852117883	-1.395470301412	2.849775913188	-0.707230408438
-3.196075518398	-1.404982857766	2.846975460030	-0.704382031166
-3.185100394102	-1.414571084321	2.844155906088	-0.701536463885
-3.142803930502	-1.424126385504	2.841317208619	-0.698693725735
-3.073711310199	-1.433554797295	2.838459527436	-0.695853835795
-2.982002035450	-1.442775931226	2.835583196708	-0.693016812896
-2.871513877234	-1.451721937332	2.832688698840	-0.690182675458
-2.745755060416	-1.460336478964	2.829776640423	-0.687351441352
-2.607911695521	-1.468573744145	2.826847730200	-0.684523127794
-2.460863913693	-1.476397479231	2.823902758977	-0.681697751245
-2.307196517622	-1.483780070973	2.820942581427	-0.678875327345
-2.149215170764	-1.490701660525	2.817968099695	-0.676055870851
-1.988963887027	-1.497149306038	2.814980248729	-0.673239395602
-1.828235561012	-1.503116197699	2.811979983225	-0.670425914491
-1.668591741063	-1.508600904382	2.808968266123	-0.667615439453
-1.511378117136	-1.513606679605	2.805946058540	-0.664807981456
-1.357741057481	-1.518140813956	2.802914311047	-0.662003550515
-1.208641661728	-1.522214037129	2.799873956196	-0.659202155703
-1.064871982506	-1.525839962114	2.796825902197	-0.656403805169
-0.927069394542	-1.529034578062	2.793771027657	-0.653608506172
-0.795732119850	-1.531815786245	2.790710177293	-0.650816265106
-0.671233996180	-1.534202982605	2.787644158525	-0.648027087540
-0.553833484389	-1.536216684593	2.784573738857	-0.645240978256
-0.443690253811	-1.537878185046	2.781499643988	-0.642457941288
-0.340874425841	-1.539209255808	2.778422556547	-0.639677979966
-0.245380607148	-1.540231879085	2.775343115412	-0.636901096959
-0.157131851014	-1.540968020907	2.772261915512	-0.634127294321
-0.075998319293	-1.541439416460	2.769179508075	-0.631356573531
-0.001798729744	-1.541667411418	2.766096401247	-0.628588935538
0.065689234674	-1.541672807607	2.763013061029	-0.625824380806
0.126721065568	-1.541475739903	2.759929912482	-0.623062909352
0.181576913784	-1.541095576706	2.756847341165	-0.620304520789
0.230559337348	-1.540550845965	2.753765694743	-0.617549214361
0.273985231800	-1.539859167953	2.750685284729	-0.614796988987
0.312181160571	-1.539037212257	2.747606388349	-0.612047843287
0.345479554769	-1.538100668776	2.744529250468	-0.609301775624
0.374215172105	-1.537064230111	2.741454085569	-0.606558784129
0.398719610301	-1.535941584595	2.738381079754	-0.603818866733
0.419322814163	-1.534745425764	2.735310392744	-0.601082021196
0.436344198949	-1.533487457322	2.732242159861	-0.598348245130
0.450097513745	-1.532178424725	2.729176493979	-0.595617536021
0.460883089430	-1.530828132184	2.726113487422	-0.592889891255
0.468991270516	-1.529445482915	2.723053213807	-0.590165308135
0.474698003630	-1.528038509104	2.719995729815	-0.587443783898
0.478265556450	-1.526614415093	2.716941076891	-0.584725315732
0.479941392173	-1.525179618424	2.713889282857	-0.582009900791
0.479958317726	-1.523739794247	2.710840363445	-0.579297536208
0.478532586617	-1.522299919294	2.707794323732	-0.576588219104
0.475867174595	-1.520864321534	2.704751159491	-0.573881946602
0.472148864297	-1.519436720010	2.701710858450	-0.571178715831
0.467548023596	-1.518020273417	2.698673401456	-0.568478523937
0.462225105945	-1.516617629347	2.695638763553	-0.565781368088
0.456322395156	-1.515230954029	2.692606914970	-0.563087245480
0.449970445756	-1.513861986843	2.689577822029	-0.560396153340
0.443285375287	-1.512512075506	2.686551447967	-0.557708088930
0.436372430070	-1.511182219380	2.683527753672	-0.555023049551
0.429324303325	-1.509873102090	2.680506698351	-0.552341032543
0.422222242924	-1.508585129180	2.677488240119	-0.549662035288
0.415138923096	-1.507318462451	2.674472336528	-0.546986055211
0.408136745292	-1.506073045682	2.671458945020	-0.544313089778
0.401268130605	-1.504848635446	2.668448023339	-0.541643136498
0.394577295014	-1.503644831054	2.665439529872	-0.538976192922
0.388102988655	-1.502461099169	2.662433423942	-0.536312256642
0.381873974437	-1.501296790203	2.659429666053	-0.533651325291
0.375915830977	-1.500151168280	2.656428218095	-0.530993396540
0.370245151808	-1.499023420787	2.653429043505	-0.528338468097
0.364875734918	-1.497912685332	2.650432107399	-0.525686537707
0.359815409316	-1.496818058127	2.647437376656	-0.523037603147
0.355069131859	-1.495738611899	2.644444819986	-0.520391662229
0.350638589878	-1.494673404503	2.641454407970	-0.517748712792
0.346520150599	-1.493621488734	2.638466113077	-0.515108752707
0.342710106284	-1.492581928282	2.635479909660	-0.512471779869
0.339201228794	-1.491553797963	2.632495773934	-0.509837792199
0.335984663914	-1.490536194277	2.629513683942	-0.507206787639
0.333049706646	-1.489528240285	2.626533619508	-0.504578764156
0.330385068835	-1.488529091165	2.623555562177	-0.501953719731
0.327976971574	-1.487537935958	2.620579495150	-0.499331652368
0.325812824516	-1.486554005044	2.617605403209	-0.496712560083
0.323877806790	-1.485576566570	2.614633272638	-0.494096440908
0.322157934669	-1.484604933150	2.611663091138	-0.491483292888
0.320639015523	-1.483638459346	2.608694847746	-0.488873114079
0.319305847277	-1.482676542299	2.605728532745	-0.486265902549
0.318144877292	-1.481718624757	2.602764137578	-0.483661656374
0.317141989993	-1.480764190126	2.599801654763	-0.481060373637
0.316283834054	-1.479812764156	2.596841077809	-0.478462052429
0.315557086374	-1.478863912653	2.593882401132	-0.475866690848
0.314950226658	-1.477917241394	2.590925619978	-0.473274286995
0.314449872337	-1.476972390714	2.587970730346	-0.470684838977
0.314046097864	-1.476029041097	2.585017728914	-0.468098344905
0.313727688198	-1.475086902804	2.582066612971	-0.465514802891
0.313484364278	-1.474145719739	2.579117380349	-0.462934211051
0.313306655869	-1.473205266646	2.576170029362	-0.460356567503
0.313187416595	-1.472265346679	2.573224558749	-0.457781870366
0.313118510135	-1.471325784429	2.570280967618	-0.455210117759
0.313092149065	-1.470386428898	2.567339255405	-0.452641307804
0.313103357819	-1.469447152451	2.564399421823	-0.450075438622
0.313147191942	-1.468507842378	2.561461466829	-0.447512508334
0.313217990692	-1.467568400802	2.558525390586	-0.444952515062
0.313311151569	-1.466628746830	2.555591193438	-0.442395456927
0.313424158759	-1.465688813375	2.552658875878	-0.439841332049
0.313554471632	-1.464748540899	2.549728438524	-0.437290138548
0.313699656503	-1.463807877484	2.546799882105	-0.434741874545
0.313857908565	-1.462866778514	2.543873207449	-0.432196538157
0.314028902523	-1.461925204789	2.540948415466	-0.429654127502
0.314211899797	-1.460983118081	2.538025507143	-0.427114640698
0.314406719195	-1.460040482382	2.535104483542	-0.424578075860
0.314614355292	-1.459097262224	2.532185345798	-0.422044431102
0.314835571463	-1.458153419158	2.529268095117	-0.419513704539
0.315071920507	-1.457208912444	2.526352732785	-0.416985894283
0.315324842046	-1.456263696682	2.523439260175	-0.414460998444
0.315597115661	-1.455317722156	2.520527678757	-0.411939015132
0.315890499008	-1.454370930809	2.517617990104	-0.409419942455
0.316207028589	-1.453423259312	2.514710195914	-0.406903778520
0.316549515497	-1.452474638227	2.511804298016	-0.404390521431
0.316921464959	-1.451524989680	2.508900298388	-0.401880169291
0.317326007104	-1.450574225285	2.505998199173	-0.399372720201
0.317764915800	-1.449622247264	2.503098002701	-0.396868172259
0.318242946413	-1.448668952516	2.500199711501	-0.394366523560
0.318762528687	-1.447714223677	2.497303328325	-0.391867772200
0.319325862290	-1.446757936091	2.494408856165	-0.389371916267
0.319936076899	-1.445799958504	2.491516298270	-0.386878953849
0.320595433338	-1.444840150274	2.488625658162	-0.384388883031
0.321305964372	-1.443878363974	2.485736939647	-0.381901701892
0.322068998925	-1.442914446080	2.482850146837	-0.379417408510
0.322886274710	-1.441948239084	2.479965284152	-0.376936000955
0.323757747120	-1.440979580260	2.477082356333	-0.374457477297
0.324683830884	-1.440008307018	2.474201368446	-0.371981835596
0.325663367683	-1.439034255526	2.471322325883	-0.369509073911
0.326694400222	-1.438057265423	2.468445234362	-0.367039190294
0.327773689016	-1.437077182222	2.465570099915	-0.364572182790
0.328897707538	-1.436093861155	2.462696928871	-0.362108049440
0.330060595894	-1.435107168032	2.459825727842	-0.359646788276
0.331256555881	-1.434116986244	2.456956503688	-0.357188397325
0.332476478014	-1.433123216577	2.454089263485	-0.354732874607
0.333710931752	-1.432125787143	2.451224014481	-0.352280218134
0.334948263604	-1.431124654348	2.448360764040	-0.349830425912
0.336174769680	-1.430119809557	2.445499519576	-0.347383495938
0.337374874766	-1.429111285248	2.442640288481	-0.344939426202
0.338530690270	-1.428099160623	2.439783078036	-0.342498214687
0.339622774408	-1.427083568553	2.436927895306	-0.340059859370
0.340627816808	-1.426064700229	2.434074747038	-0.337624358218
0.341521110924	-1.425042816779	2.431223639521	-0.335191709195
0.342274867261	-1.424018253446	2.428374578451	-0.332761910257
0.342857658682	-1.422991428844	2.425527568769	-0.330334959355
0.343235906688	-1.421962855868	2.422682614484	-0.327910854434
0.343373532788	-1.420933148148	2.419839718479	-0.325489593440
0.343230771702	-1.419903027550	2.416998882304	-0.323071174311
0.342764982688	-1.418873335235	2.414160105941	-0.320655594988
0.341930926883	-1.417845040287	2.411323387565	-0.318242853413
0.340679556090	-1.416819247506	2.408488723278	-0.315832947529
0.338959342543	-1.415797208838	2.405656106822	-0.313425875284
0.336716156304	-1.414780330810	2.402825529282	-0.311021634635
0.333893083629	-1.413770182341	2.399996978769	-0.308620223550
0.330429869591	-1.412768503090	2.397170440084	-0.306221640007
0.326265131299	-1.411777213482	2.394345894367	-0.303825882005
0.321335399494	-1.410798418088	2.391523318736	-0.301432947562
0.315575218601	-1.409834411889	2.388702685906	-0.299042834720
0.308918469427	-1.408887686233	2.385883963808	-0.296655541553
0.301299504602	-1.407960930825	2.383067115191	-0.294271066168
0.292651197557	-1.407057032311	2.380252097228	-0.291889406712
0.282908273081	-1.406179078719	2.377438861117	-0.289510561379
0.272008323012	-1.405330353899	2.374627351684	-0.287134528415
0.259890280280	-1.404514328930	2.371817507002	-0.284761306121
0.246497312102	-1.403734658090	2.369009258015	-0.282390892869
0.231777936454	-1.402995166153	2.366202528191	-0.280023287099
0.215686999753	-1.402299832344	2.363397233192	-0.277658487334
0.198186941465	-1.401652771345	2.360593280588	-0.275296492185
0.179250133225	-1.401058210520	2.357790569607	-0.272937300359
0.158859935541	-1.400520460121	2.354988990936	-0.270580910668
0.137012565749	-1.400043880314	2.352188426595	-0.268227322039
0.113719425491	-1.399632842617	2.349388749872	-0.265876533519
0.089009172493	-1.399291684340	2.346589825346	-0.263528544288
0.062930135463	-1.399024656823	2.343791509004	-0.261183353666
0.035552494060	-1.398835866416	2.340993648481	-0.258840961119
0.006971899063	-1.398729208934	2.338196083406	-0.256501366270
-0.022689686703	-1.398708293237	2.335398645904	-0.254164568909
-0.053279921383	-1.398776362297	2.332601161248	-0.251830568994
-0.084612757662	-1.398936202061	2.329803448684	-0.249499366663
-0.116466614381	-1.399190040334	2.327005322441	-0.247170962235
-0.148580896083	-1.399539440177	2.324206592961	-0.244845356219
-0.180651150316	-1.399985182866	2.321407068338	-0.242522549314
-0.212328592694	-1.400527136317	2.318606556018	-0.240202542411
-0.243215252441	-1.401164122095	2.315804864760	-0.237885336595
-0.272860399882	-1.401893767852	2.313001806870	-0.235570933137
-0.300759068290	-1.402712349052	2.310197200753	-0.233259333497
-0.326348238365	-1.403614626256	2.307390873778	-0.230950539310
-0.349004046737	-1.404593670972	2.304582665481	-0.228644552377
-0.368039092626	-1.405640683112	2.301772431127	-0.226341374654
-0.382700883777	-1.406744800390	2.298960045644	-0.224041008232
-0.392169283196	-1.407892903041	2.296145407940	-0.221743455313
-0.395555083836	-1.409069410891	2.293328445626	-0.219448718191
-0.391899321508	-1.410256076142	2.290509120139	-0.217156799210
-0.380173289513	-1.411431774107	2.287687432289	-0.214867700738
-0.359278215649	-1.412572293975	2.284863428221	-0.212581425117
-0.328047044789	-1.413650128622	2.282037205798	-0.210297974621
-0.285246599040	-1.414634269756	2.279208921400	-0.208017351393
-0.229580142382	-1.415490009554	2.276378797121	-0.205739557391
-0.159692176220	-1.416178749981	2.273547128361	-0.203464594314
-0.074173995673	-1.416657826509	2.270714291785	-0.201192463524
0.028429659326	-1.416880348496	2.267880753610	-0.198923165964
0.149611130578	-1.416795059518	2.265047078202	-0.196656702062
0.290890559274	-1.416346226127	2.262213936916	-0.194393071630
0.453803473528	-1.415473554449	2.259382117135	-0.192132273748
0.639886071186	-1.414112144028	2.256552531437	-0.189874306651
0.850658964920	-1.412192485815	2.253726226807	-0.187619167591
1.087609757683	-1.409640508920	2.250904393813	-0.185366852706
1.352170243059	-1.406377679647	2.248088375624	-0.183117356866
1.645693712792	-1.402321168918	2.245279676776	-0.180870673515
1.969427769638	-1.397384087779	2.242479971519	-0.178626794514
2.324486086530	-1.391475804470	2.239691111627	-0.176385709957
2.711814486889	-1.384502346211	2.236915133476	-0.174147407997
3.132156717998	-1.376366902750	2.234154264227	-0.171911874654
3.586015023566	-1.366970432596	2.231410926892	-0.169679093624
4.073607996135	-1.356212387526	2.228687744072	-0.167449046082
4.594825864774	-1.343991563537	2.225987540121	-0.165221710477
5.149181007592	-1.330207085943	2.223313341471	-0.162997062333
5.735755965845	-1.314759542920	2.220668374842	-0.160775074050
6.353148189756	-1.297552275022	2.218056063024	-0.158555714699
6.999411609412	-1.278492830453	2.215480017919	-0.156338949835
7.671993944953	-1.257494595625	2.212944030493	-0.154124741310
8.367673549790	-1.234478613790	2.210452057283	-0.151913047102
9.082490890943	-1.209375593141	2.208008203077	-0.149703821156
9.811679725997	-1.182128120468	2.205616699363	-0.147497013246
10.549595390006	-1.152693081290	2.203281878161	-0.145292568863
11.289642660210	-1.121044295120	2.201008140785	-0.143090429129
12.024201252815	-1.087175367139	2.198799921123	-0.140890530742
12.744551712564	-1.051102763381	2.196661642992	-0.138692805972
13.440803013386	-1.012869108243	2.194597671121	-0.136497182688
14.101820294182	-0.972546699203	2.192612255313	-0.134303584445
14.715155069024	-0.930241238320	2.190709467376	-0.132111930634
15.266979777158	-0.886095773113	2.188893130364	-0.129922136693
15.742026311136	-0.840294833782	2.187166739758	-0.127734114392
16.123531433115	-0.793068754848	2.185533376169	-0.125547772205
16.393189311869	-0.744698160549	2.183995609253	-0.123363015774
16.531113409615	-0.695518592614	2.182555392500	-0.121179748469
16.515810339428	-0.645925252385	2.181213948655	-0.118997872064
16.324166311903	-0.596377821366	2.179971645582	-0.116817287525
15.931448704368	-0.547405322431	2.178827862438	-0.114637895933
15.311325943636	-0.499610976318	2.177780846139	-0.112459599545
14.435907101395	-0.453676998487	2.176827558164	-0.110282302998
13.275804387421	-0.410369277182	2.175963511888	-0.108105914681
11.800221039604	-0.370541864020	2.175182600747	-0.105930348263
9.977067854733	-0.335141200901	2.174476917682	-0.103755524404
7.773111732568	-0.305209997337	2.173836566484	-0.101581372650
5.154157485275	-0.281890662140	2.173249465825	-0.099407833520
2.085269656708	-0.266428189684	2.172701146973	-0.097234860791
-1.468964623771	-0.260172380714	2.172174546402	-0.095062423987
-5.544129568784	-0.264579274585	2.171649794747	-0.092890511082
-10.175623675896	-0.281211663291	2.171104003809	-0.090719131411
-15.398251648237	-0.311738534319	2.170511053612	-0.088548318794
-21.245761274064	-0.357933289264	2.169841381788	-0.086378134877
-27.750320447355	-0.421670573086	2.169061777926	-0.084208672675
-34.941931321114	-0.504921534428	2.168135185818	-0.082040060318
-42.847780271376	-0.609747328391	2.167020516955	-0.079872464995
-51.491517512671	-0.738290669205	2.165672478958	-0.077706097073
-60.892466637885	-0.892765221743	2.164041423067	-0.075541214377
-71.064759557231	-1.075442621657	2.162073215223	-0.073378126611
-82.016396656747	-1.288636900329	2.159709135701	-0.071217199903
-93.748229130091	-1.534686090299	2.156885812711	-0.069058861421
-106.252863869754	-1.815930777689	2.153535195843	-0.066903604043
-119.513490498049	-2.134689369298	2.149584575696	-0.064751991030
-133.502631085962	-2.493229840793	2.144956656486	-0.062604660657
-148.180814917364	-2.893737734051	2.139569688911	-0.060462330733
-163.495179781617	-3.338280178803	2.133337670998	-0.058325802963
-179.378005385517	-3.828765718147	2.126170625101	-0.056195967067
-195.745183016609	-4.366899734304	2.117974959649	-0.054073804586
-212.494628605073	-4.954135283354	2.108653924631	-0.051960392271
-229.504647879015	-5.591619169169	2.098108170179	-0.049856904977
-246.632263316635	-6.280133112806	2.086236417897	-0.047764617930
-263.711515633450	-7.020029902756	2.072936254881	-0.045684908278
-280.551753984099	-7.811164449656	2.058105060529	-0.043619255764
-296.935930801195	-8.652819711609	2.041641076367	-0.041569242420
-312.618921878519	-9.543627504012	2.023444629152	-0.039536551099
-327.325891855094	-10.481484269648	2.003419517378	-0.037522962717
-340.750730650093	-11.463461945213	1.981474571163	-0.035530352009
-352.554587688536	-12.485714137163	1.957525395081	-0.033560681651
-362.364535285641	-13.543377900229	1.931496303043	-0.031615994524
-369.772394445390	-14.630471506086	1.903322453637	-0.029698403964
-374.333760519852	-15.739788689422	1.872952193442	-0.027810081754
-375.567270199258	-16.862789970982	1.840349614781	-0.025953243683
-372.954153133446	-17.989491781579	1.805497333029	-0.024130132426
-365.938117328689	-19.108354240980	1.768399487006	-0.022342997538
-353.925619750744	-20.206168592966	1.729084964172	-0.020594072344
-336.286577866166	-21.267945452218	1.687610850127	-0.018885547474
-312.355581283853	-22.276805185817	1.644066099489	-0.017219540856
-281.433666873005	-23.213871929668	1.598575422373	-0.015598063917
-242.790723430205	-24.058172930287	1.551303377513	-0.014022983800
-195.668596019622	-24.786545100578	1.502458659483	-0.012495981386
-139.284962896539	-25.373550888637	1.452298563493	-0.011018504941
-72.838060780339	-25.791405777326	1.401133606827	-0.009591719213
4.487663655739	-26.009919959667	1.349332281090	-0.008216449850
93.514895316686	-25.996456968700	1.297325904162	-0.006893123001
195.065704580072	-25.715912282750	1.245613534911	-0.005621700039
309.952630943068	-25.130715169010	1.194766907459	-0.004401607351
438.968514522105	-24.200857276181	1.145435335014	-0.003231661206
582.874994132604	-22.883951732614	1.098350526005	-0.002109987760
742.389593244986	-21.135326750216	1.054331247522	-0.001033938310
