Simple Aurelia simulation (15cm) by Colin Stewart, 6/10/2019
Cubic spline coefficients for kinematic function sb, generated with MATLAB script "SimpleAureliaKinFlex.m". Function defined by s(t) = C_i(t) = c3_i*t^3 + c2_i*t^2 + c1_i*t^1 + c0_i on t_(i-1) < t <= t_i, where i = 1,2,...n
Row order: spline 1-100, Column order: c3 c2 c1 c0 
----------------------
14.333381982058	11.841637721340	0.421578941866	0.000000000000
2.415181884343	12.271639180801	0.662711710888	0.005414286573
-8.239294742979	12.344094637332	0.908869049069	0.013270982782
-16.620951717393	12.096915795042	1.153279153393	0.023585843441
-22.524750075074	11.598287243521	1.390231183779	0.036311705603
-26.140832073425	10.922544741268	1.615439503626	0.051351321415
-27.844731968196	10.138319779066	1.826048148830	0.068571830093
-28.075466474586	9.302977820020	2.020461124821	0.087818298828
-27.263937979532	8.460713825782	2.198098041279	0.108925132391
-25.793455736182	7.642795686396	2.359133136400	0.131724920249
-23.981431524911	6.868992014311	2.504251013407	0.156054737726
-22.074854947694	6.149549068563	2.634436424236	0.181760165630
-20.254301226130	5.487303420133	2.750804949123	0.208697409924
-18.642719308486	4.879674383349	2.854474727158	0.236733935456
-17.316364238645	4.320392804094	2.946475399032	0.265748007447
-16.316088812329	3.800901876935	3.027688345843	0.295627484353
-15.657852785945	3.311419212565	3.098811556738	0.326268141910
-15.341780528649	2.841683628987	3.160342585153	0.357571741546
-15.359430201607	2.381430213127	3.212573723574	0.389443993980
-15.699156639149	1.920647307079	3.255594498776	0.421792514807
-16.349581603723	1.449672607904	3.289297697926	0.454524825369
-17.301252791972	0.959185159793	3.313386275603	0.487546420027
-18.546598802329	0.440147576034	3.327379602962	0.520758900046
-20.078291285163	-0.116250388036	3.330618574842	0.554058164235
-21.886125972081	-0.718599126591	3.322270079695	0.587332646653
-23.952547871401	-1.375182905754	3.301332259372	0.620461601412
-26.246987807569	-2.093759341896	3.266642836895	0.653313453167
-28.719261234796	-2.881168976123	3.216893553715	0.685744258614
-31.292417383312	-3.742746813167	3.150654395822	0.717596357992
-33.855626053714	-4.681519334666	3.066411734344	0.748697334852
-36.257955153313	-5.697188116277	2.962624659834	0.778859444635
-38.304222464461	-6.784926770877	2.837803510963	0.807879714467
-39.754489290848	-7.934053444811	2.690613708806	0.835540952677
-40.329178119452	-9.126688123536	2.520006293123	0.861613929931
-39.722201676572	-10.336563467120	2.325373777216	0.885860994872
-37.624826450913	-11.528229517417	2.106725847371	0.908041354096
-33.763174948163	-12.656974310944	1.864873809087	0.927918164791
-27.952184425987	-13.669869559389	1.601605370384	0.945267442276
-20.168342352425	-14.508435092169	1.319822323868	0.959888556840
-10.642437484104	-15.113485362741	1.023603119319	0.971615768227
0.028297134626	-15.432758487265	0.718140680819	0.980329808446
10.752128419353	-15.431909573226	0.409494000214	0.985967967703
19.829922182513	-15.109345720645	0.104081447275	0.988530468876
26.525064409153	-14.514448055170	-0.192156490483	0.988080178699
31.042754202324	-13.718696122895	-0.474487932263	0.984733694053
33.686277984022	-12.787413496826	-0.739549028460	0.978647987872
34.799378198195	-11.776825157305	-0.985191415002	0.970007442516
34.725724834444	-10.732843811359	-1.210288104688	0.959012645228
33.782643498457	-9.691072066326	-1.414527263465	0.945871205525
32.246127149616	-8.677592761372	-1.598213911742	0.930790608328
30.344317324952	-7.710208946883	-1.762091928825	0.913972956061
28.256968792673	-6.799879427135	-1.907192812565	0.895611360196
26.118821606311	-5.952170363355	-2.034713310470	0.875887701096
24.025233948567	-5.168605715165	-2.145921071255	0.854971469777
22.038836354051	-4.447848696708	-2.242085615374	0.833019423726
20.196328256102	-3.786683606087	-2.324430938402	0.810175821539
18.514839151403	-3.180793758404	-2.394105712047	0.786573040123
16.997516138122	-2.625348583862	-2.452167135469	0.762332418466
15.638180134669	-2.115423099718	-2.499574852305	0.737565209769
14.425021552983	-1.646277695678	-2.537191860259	0.712373557116
13.343390915438	-1.213527049088	-2.565789907707	0.686851435765
12.377789956296	-0.813225321625	-2.586057431414	0.661085527374
11.513192592514	-0.441891622936	-2.598608600859	0.635156008318
10.735830420676	-0.096495845161	-2.603992475540	0.609137246340
10.033570467827	0.225579067459	-2.602701643317	0.583098407830
9.395998983788	0.526586181494	-2.595179990828	0.557103982874
8.814307933433	0.808466151008	-2.581829467503	0.531214237583
8.281063362075	1.072895389011	-2.563015852103	0.505485603831
7.789918909399	1.321327289873	-2.539073625314	0.479971015912
7.335324395469	1.555024857155	-2.510310103843	0.454720202307
6.912269221055	1.775084589019	-2.477009009382	0.429779939079
6.516093236133	1.982452665651	-2.439433636835	0.405194269713
6.142393362915	2.177935462735	-2.397829755551	0.381004694705
5.787051926294	2.362207263622	-2.352428328288	0.357250333089
5.446411349984	2.535818821411	-2.303448067437	0.333968057584
5.117618403581	2.699211161910	-2.251097767604	0.311192605203
4.799158072951	2.852739714018	-2.195578258845	0.288956666262
4.491590701735	2.996714456206	-2.137083717143	0.267290956803
4.198494447140	3.131462177258	-2.075801950808	0.246224282668
3.927596359347	3.257417010673	-2.011913158929	0.225783607872
3.692047582785	3.375244901453	-1.945586539807	0.205994145580
3.511759527454	3.486006328937	-1.876974027503	0.186879496720
3.414667197006	3.591359114760	-1.806200373066	0.168461868837
3.437722834775	3.693799130670	-1.733348790612	0.150762415685
3.627348845317	3.796930815714	-1.658441491148	0.133801745415
4.038996855396	3.905751281073	-1.581414670180	0.117600650934
4.735376072154	4.026921186735	-1.502087945502	0.102181118357
5.782838971122	4.168982468900	-1.420128908946	0.087567666397
7.245361024235	4.342467638033	-1.335014407877	0.073789058393
9.175545122338	4.559828468760	-1.245991446809	0.060880406439
11.602149654245	4.835094822430	-1.152042213897	0.048885650363
14.513820503596	5.183159312058	-1.051859672552	0.037860339856
17.839052912307	5.618573927166	-0.943842340160	0.027874572882
21.422990628582	6.153745514535	-0.826119145743	0.019015845926
25.002597673452	6.796435233392	-0.696617338263	0.011391452011
28.183220742438	7.546513163596	-0.553187854294	0.005129924749
30.422104611153	8.392009785869	-0.393802624799	0.000380880743
31.029677676071	9.304672924204	-0.216835797698	-0.002687522422
29.215171549448	10.235563254486	-0.021433435911	-0.003894383428
24.320644012351	11.112018400969	0.192042380643	-0.003055946291
